"0","qqline(FemaleDisCheck$SRPCATotal)"
